79 0 30 0 0 0
79 0 28 0 0 1
79 0 31 0 0 2
79 0 127 0 0 3
79 0 126 0 0 4
79 0 94 0 0 5
79 0 92 0 0 6
79 0 95 0 0 7
79 0 191 0 0 8
79 0 190 0 0 9
79 0 158 0 0 10
79 0 156 0 0 11
79 0 154 0 0 12
79 0 159 0 0 13
79 0 255 0 0 14
79 0 254 0 0 15
79 0 222 0 0 16
79 0 220 0 0 17
79 0 223 0 0 18
79 0 319 0 0 19
79 0 318 0 0 20
79 0 286 0 0 21
79 0 284 0 0 22
79 0 287 0 0 23
79 0 383 0 0 24
79 0 382 0 0 25
79 0 350 0 0 26
79 0 348 0 0 27
79 0 351 0 0 28
79 0 447 0 0 29
79 0 446 0 0 30
79 0 414 0 0 31
79 0 412 0 0 32
79 0 415 0 0 33
79 0 511 0 0 34
79 0 510 0 0 35
79 0 478 0 0 36
79 0 476 0 0 37
79 0 474 0 0 38
79 0 479 0 0 39
79 1 63 0 0 40
79 1 62 0 0 41
79 1 30 0 0 42
79 1 28 0 0 43
79 1 31 0 0 44
79 0 63 0 0 45
79 0 62 0 0 46
79 0 26 1 0 0
79 0 24 1 0 1
79 0 29 1 0 2
79 0 125 1 0 3
79 0 123 1 0 4
79 0 124 1 0 5
79 0 90 1 0 6
79 0 88 1 0 7
79 0 93 1 0 8
79 0 91 1 0 9
79 0 187 1 0 10
79 0 189 1 0 11
79 0 188 1 0 12
79 0 152 1 0 13
79 0 150 1 0 14
79 0 157 1 0 15
79 0 253 1 0 16
79 0 251 1 0 17
79 0 252 1 0 18
79 0 218 1 0 19
79 0 216 1 0 20
79 0 221 1 0 21
79 0 317 1 0 22
79 0 315 1 0 23
79 0 316 1 0 24
79 0 282 1 0 25
79 0 280 1 0 26
79 0 285 1 0 27
79 0 381 1 0 28
79 0 379 1 0 29
79 0 380 1 0 30
79 0 346 1 0 31
79 0 344 1 0 32
79 0 349 1 0 33
79 0 445 1 0 34
79 0 443 1 0 35
79 0 444 1 0 36
79 0 410 1 0 37
79 0 408 1 0 38
79 0 413 1 0 39
79 0 411 1 0 40
79 0 509 1 0 41
79 0 507 1 0 42
79 0 508 1 0 43
79 0 472 1 0 44
79 0 470 1 0 45
79 0 477 1 0 46
79 1 61 1 0 47
79 1 59 1 0 48
79 1 60 1 0 49
79 1 26 1 0 50
79 1 24 1 0 51
79 1 29 1 0 52
79 0 61 1 0 53
79 0 59 1 0 54
79 0 60 1 0 55
79 0 22 1 1 0
79 0 27 1 1 1
79 0 25 1 1 2
79 0 121 1 1 3
79 0 122 1 1 4
79 0 120 1 1 5
79 0 87 1 1 6
79 0 89 1 1 7
79 0 86 1 1 8
79 0 185 1 1 9
79 0 186 1 1 10
79 0 184 1 1 11
79 0 148 1 1 12
79 0 155 1 1 13
79 0 153 1 1 14
79 0 249 1 1 15
79 0 247 1 1 16
79 0 250 1 1 17
79 0 248 1 1 18
79 0 214 1 1 19
79 0 219 1 1 20
79 0 217 1 1 21
79 0 313 1 1 22
79 0 314 1 1 23
79 0 312 1 1 24
79 0 278 1 1 25
79 0 283 1 1 26
79 0 281 1 1 27
79 0 377 1 1 28
79 0 378 1 1 29
79 0 376 1 1 30
79 0 342 1 1 31
79 0 347 1 1 32
79 0 345 1 1 33
79 0 441 1 1 34
79 0 442 1 1 35
79 0 440 1 1 36
79 0 406 1 1 37
79 0 409 1 1 38
79 0 407 1 1 39
79 0 505 1 1 40
79 0 506 1 1 41
79 0 503 1 1 42
79 0 504 1 1 43
79 0 468 1 1 44
79 0 475 1 1 45
79 0 473 1 1 46
79 1 57 1 1 47
79 1 58 1 1 48
79 1 56 1 1 49
79 1 22 1 1 50
79 1 27 1 1 51
79 1 25 1 1 52
79 0 57 1 1 53
79 0 58 1 1 54
79 0 56 1 1 55
79 0 52 2 0 0
79 0 20 2 0 1
79 0 18 2 0 2
79 0 23 2 0 3
79 0 21 2 0 4
79 0 119 2 0 5
79 0 117 2 0 6
79 0 118 2 0 7
79 0 116 2 0 8
79 0 84 2 0 9
79 0 82 2 0 10
79 0 85 2 0 11
79 0 83 2 0 12
79 0 183 2 0 13
79 0 181 2 0 14
79 0 182 2 0 15
79 0 180 2 0 16
79 0 146 2 0 17
79 0 144 2 0 18
79 0 151 2 0 19
79 0 149 2 0 20
79 0 245 2 0 21
79 0 243 2 0 22
79 0 246 2 0 23
79 0 244 2 0 24
79 0 212 2 0 25
79 0 210 2 0 26
79 0 215 2 0 27
79 0 213 2 0 28
79 0 311 2 0 29
79 0 309 2 0 30
79 0 310 2 0 31
79 0 308 2 0 32
79 0 276 2 0 33
79 0 274 2 0 34
79 0 279 2 0 35
79 0 277 2 0 36
79 0 375 2 0 37
79 0 373 2 0 38
79 0 374 2 0 39
79 0 372 2 0 40
79 0 336 2 0 41
79 0 338 2 0 42
79 0 343 2 0 43
79 0 341 2 0 44
79 0 439 2 0 45
79 0 437 2 0 46
79 0 438 2 0 47
79 0 436 2 0 48
79 0 404 2 0 49
79 0 402 2 0 50
79 0 405 2 0 51
79 0 403 2 0 52
79 0 501 2 0 53
79 0 499 2 0 54
79 0 502 2 0 55
79 0 500 2 0 56
79 0 466 2 0 57
79 0 464 2 0 58
79 0 471 2 0 59
79 0 469 2 0 60
79 1 55 2 0 61
79 1 53 2 0 62
79 1 54 2 0 63
79 1 52 2 0 64
79 1 20 2 0 65
79 1 18 2 0 66
79 1 23 2 0 67
79 1 21 2 0 68
79 0 55 2 0 69
79 0 53 2 0 70
79 0 54 2 0 71
79 0 16 2 1 0
79 0 14 2 1 1
79 0 19 2 1 2
79 0 17 2 1 3
79 0 115 2 1 4
79 0 113 2 1 5
79 0 114 2 1 6
79 0 112 2 1 7
79 0 80 2 1 8
79 0 78 2 1 9
79 0 81 2 1 10
79 0 79 2 1 11
79 0 179 2 1 12
79 0 177 2 1 13
79 0 178 2 1 14
79 0 176 2 1 15
79 0 142 2 1 16
79 0 140 2 1 17
79 0 147 2 1 18
79 0 145 2 1 19
79 0 241 2 1 20
79 0 239 2 1 21
79 0 242 2 1 22
79 0 240 2 1 23
79 0 208 2 1 24
79 0 206 2 1 25
79 0 211 2 1 26
79 0 209 2 1 27
79 0 307 2 1 28
79 0 305 2 1 29
79 0 306 2 1 30
79 0 304 2 1 31
79 0 272 2 1 32
79 0 270 2 1 33
79 0 275 2 1 34
79 0 273 2 1 35
79 0 371 2 1 36
79 0 369 2 1 37
79 0 370 2 1 38
79 0 368 2 1 39
79 0 340 2 1 40
79 0 334 2 1 41
79 0 339 2 1 42
79 0 337 2 1 43
79 0 435 2 1 44
79 0 433 2 1 45
79 0 434 2 1 46
79 0 432 2 1 47
79 0 400 2 1 48
79 0 398 2 1 49
79 0 401 2 1 50
79 0 399 2 1 51
79 0 497 2 1 52
79 0 495 2 1 53
79 0 498 2 1 54
79 0 496 2 1 55
79 0 462 2 1 56
79 0 460 2 1 57
79 0 467 2 1 58
79 0 465 2 1 59
79 1 51 2 1 60
79 1 49 2 1 61
79 1 50 2 1 62
79 1 48 2 1 63
79 1 16 2 1 64
79 1 14 2 1 65
79 1 19 2 1 66
79 1 17 2 1 67
79 0 51 2 1 68
79 0 49 2 1 69
79 0 50 2 1 70
79 0 48 2 1 71
79 0 44 3 0 0
79 0 12 3 0 1
79 0 10 3 0 2
79 0 8 3 0 3
79 0 15 3 0 4
79 0 13 3 0 5
79 0 111 3 0 6
79 0 109 3 0 7
79 0 107 3 0 8
79 0 110 3 0 9
79 0 108 3 0 10
79 0 76 3 0 11
79 0 74 3 0 12
79 0 77 3 0 13
79 0 75 3 0 14
79 0 175 3 0 15
79 0 173 3 0 16
79 0 171 3 0 17
79 0 174 3 0 18
79 0 172 3 0 19
79 0 138 3 0 20
79 0 136 3 0 21
79 0 134 3 0 22
79 0 143 3 0 23
79 0 141 3 0 24
79 0 237 3 0 25
79 0 235 3 0 26
79 0 233 3 0 27
79 0 238 3 0 28
79 0 236 3 0 29
79 0 204 3 0 30
79 0 202 3 0 31
79 0 200 3 0 32
79 0 207 3 0 33
79 0 205 3 0 34
79 0 303 3 0 35
79 0 301 3 0 36
79 0 299 3 0 37
79 0 302 3 0 38
79 0 300 3 0 39
79 0 268 3 0 40
79 0 266 3 0 41
79 0 271 3 0 42
79 0 269 3 0 43
79 0 367 3 0 44
79 0 365 3 0 45
79 0 363 3 0 46
79 0 366 3 0 47
79 0 364 3 0 48
79 0 332 3 0 49
79 0 330 3 0 50
79 0 328 3 0 51
79 0 335 3 0 52
79 0 333 3 0 53
79 0 431 3 0 54
79 0 429 3 0 55
79 0 427 3 0 56
79 0 430 3 0 57
79 0 428 3 0 58
79 0 396 3 0 59
79 0 394 3 0 60
79 0 392 3 0 61
79 0 397 3 0 62
79 0 395 3 0 63
79 0 493 3 0 64
79 0 491 3 0 65
79 0 489 3 0 66
79 0 494 3 0 67
79 0 492 3 0 68
79 0 458 3 0 69
79 0 456 3 0 70
79 0 463 3 0 71
79 0 461 3 0 72
79 1 47 3 0 73
79 1 45 3 0 74
79 1 43 3 0 75
79 1 46 3 0 76
79 1 44 3 0 77
79 1 12 3 0 78
79 1 10 3 0 79
79 1 8 3 0 80
79 1 15 3 0 81
79 1 13 3 0 82
79 0 47 3 0 83
79 0 45 3 0 84
79 0 43 3 0 85
79 0 46 3 0 86
79 0 38 3 1 0
79 0 6 3 1 1
79 0 11 3 1 2
79 0 9 3 1 3
79 0 7 3 1 4
79 0 105 3 1 5
79 0 103 3 1 6
79 0 106 3 1 7
79 0 104 3 1 8
79 0 102 3 1 9
79 0 72 3 1 10
79 0 70 3 1 11
79 0 73 3 1 12
79 0 71 3 1 13
79 0 69 3 1 14
79 0 169 3 1 15
79 0 167 3 1 16
79 0 170 3 1 17
79 0 168 3 1 18
79 0 166 3 1 19
79 0 132 3 1 20
79 0 139 3 1 21
79 0 137 3 1 22
79 0 135 3 1 23
79 0 231 3 1 24
79 0 229 3 1 25
79 0 234 3 1 26
79 0 232 3 1 27
79 0 230 3 1 28
79 0 198 3 1 29
79 0 196 3 1 30
79 0 203 3 1 31
79 0 201 3 1 32
79 0 199 3 1 33
79 0 297 3 1 34
79 0 295 3 1 35
79 0 298 3 1 36
79 0 296 3 1 37
79 0 294 3 1 38
79 0 264 3 1 39
79 0 262 3 1 40
79 0 267 3 1 41
79 0 265 3 1 42
79 0 263 3 1 43
79 0 361 3 1 44
79 0 359 3 1 45
79 0 362 3 1 46
79 0 360 3 1 47
79 0 358 3 1 48
79 0 326 3 1 49
79 0 324 3 1 50
79 0 331 3 1 51
79 0 329 3 1 52
79 0 327 3 1 53
79 0 425 3 1 54
79 0 423 3 1 55
79 0 426 3 1 56
79 0 424 3 1 57
79 0 422 3 1 58
79 0 390 3 1 59
79 0 388 3 1 60
79 0 393 3 1 61
79 0 391 3 1 62
79 0 487 3 1 63
79 0 485 3 1 64
79 0 490 3 1 65
79 0 488 3 1 66
79 0 486 3 1 67
79 0 454 3 1 68
79 0 452 3 1 69
79 0 459 3 1 70
79 0 457 3 1 71
79 0 455 3 1 72
79 1 41 3 1 73
79 1 39 3 1 74
79 1 42 3 1 75
79 1 40 3 1 76
79 1 38 3 1 77
79 1 6 3 1 78
79 1 4 3 1 79
79 1 11 3 1 80
79 1 9 3 1 81
79 1 7 3 1 82
79 0 41 3 1 83
79 0 39 3 1 84
79 0 42 3 1 85
79 0 40 3 1 86
79 0 32 4 0 0
79 0 4 4 0 1
79 0 2 4 0 2
79 0 0 4 0 3
79 0 5 4 0 4
79 0 3 4 0 5
79 0 1 4 0 6
79 0 101 4 0 7
79 0 99 4 0 8
79 0 97 4 0 9
79 0 100 4 0 10
79 0 98 4 0 11
79 0 96 4 0 12
79 0 68 4 0 13
79 0 66 4 0 14
79 0 64 4 0 15
79 0 67 4 0 16
79 0 65 4 0 17
79 0 165 4 0 18
79 0 163 4 0 19
79 0 161 4 0 20
79 0 164 4 0 21
79 0 162 4 0 22
79 0 160 4 0 23
79 0 130 4 0 24
79 0 128 4 0 25
79 0 133 4 0 26
79 0 131 4 0 27
79 0 129 4 0 28
79 0 227 4 0 29
79 0 225 4 0 30
79 0 228 4 0 31
79 0 226 4 0 32
79 0 224 4 0 33
79 0 194 4 0 34
79 0 192 4 0 35
79 0 197 4 0 36
79 0 195 4 0 37
79 0 193 4 0 38
79 0 293 4 0 39
79 0 291 4 0 40
79 0 289 4 0 41
79 0 292 4 0 42
79 0 290 4 0 43
79 0 288 4 0 44
79 0 260 4 0 45
79 0 258 4 0 46
79 0 256 4 0 47
79 0 261 4 0 48
79 0 259 4 0 49
79 0 257 4 0 50
79 0 357 4 0 51
79 0 355 4 0 52
79 0 353 4 0 53
79 0 356 4 0 54
79 0 354 4 0 55
79 0 352 4 0 56
79 0 322 4 0 57
79 0 320 4 0 58
79 0 325 4 0 59
79 0 323 4 0 60
79 0 321 4 0 61
79 0 421 4 0 62
79 0 419 4 0 63
79 0 417 4 0 64
79 0 420 4 0 65
79 0 418 4 0 66
79 0 416 4 0 67
79 0 386 4 0 68
79 0 384 4 0 69
79 0 389 4 0 70
79 0 387 4 0 71
79 0 385 4 0 72
79 0 483 4 0 73
79 0 481 4 0 74
79 0 484 4 0 75
79 0 482 4 0 76
79 0 480 4 0 77
79 0 450 4 0 78
79 0 448 4 0 79
79 0 453 4 0 80
79 0 451 4 0 81
79 0 449 4 0 82
79 1 37 4 0 83
79 1 35 4 0 84
79 1 33 4 0 85
79 1 36 4 0 86
79 1 34 4 0 87
79 1 32 4 0 88
79 1 2 4 0 89
79 1 0 4 0 90
79 1 5 4 0 91
79 1 3 4 0 92
79 1 1 4 0 93
79 0 37 4 0 94
79 0 35 4 0 95
79 0 33 4 0 96
79 0 36 4 0 97
79 0 34 4 0 98
